# Generated SUB075 NOCUT regional-scaling and reporting-prior sensitivity configuration.
stepwise_run <-
list(default_step_select = "S001-TC1-NOCUT-DW10-SUB075-MIX015-TAGF2OFF-REGW50",
    flow_group = "bet-2026-sub075-mix015-rrpttp26-g7oshl-dm10-20260721",
    trigger_next = FALSE)

stepwise_models <-
structure(list(step_id = c("S001-TC1-NOCUT-DW10-SUB075-MIX015-TAGF2OFF-REGW50",
"S002-TC1-NOCUT-DW10-SUB075-MIX015-TAGF2OFF-REGW11", "S003-TC1-NOCUT-DW10-SUB075-MIX015-TAGF2OFF-REGW1",
"S004-TC1-NOCUT-DW10-SUB075-MIX015-TAGF2OFF-REGW0", "S005-TC1-NOCUT-DW10-SUB075-MIX015-TAGF2ON-REGW50",
"S006-TC1-NOCUT-DW10-SUB075-MIX015-TAGF2ON-REGW11", "S007-TC1-NOCUT-DW10-SUB075-MIX015-TAGF2ON-REGW1",
"S008-TC1-NOCUT-DW10-SUB075-MIX015-TAGF2ON-REGW0", "S009-DM-G7OSHL-CEST-NOCUT-SUB075-MIX015-TAGF2OFF-NMAX10-REGW50",
"S010-DM-G7OSHL-CEST-NOCUT-SUB075-MIX015-TAGF2OFF-NMAX10-REGW11",
"S011-DM-G7OSHL-CEST-NOCUT-SUB075-MIX015-TAGF2OFF-NMAX10-REGW1",
"S012-DM-G7OSHL-CEST-NOCUT-SUB075-MIX015-TAGF2OFF-NMAX10-REGW0",
"S013-DM-G7OSHL-CEST-NOCUT-SUB075-MIX015-TAGF2ON-NMAX10-REGW50",
"S014-DM-G7OSHL-CEST-NOCUT-SUB075-MIX015-TAGF2ON-NMAX10-REGW11",
"S015-DM-G7OSHL-CEST-NOCUT-SUB075-MIX015-TAGF2ON-NMAX10-REGW1",
"S016-DM-G7OSHL-CEST-NOCUT-SUB075-MIX015-TAGF2ON-NMAX10-REGW0",
"S017-TC1-NOCUT-DW10-SUB075-MIX015-TAGF2OFF-REGW50-RRPTTP26",
"S018-TC1-NOCUT-DW10-SUB075-MIX015-TAGF2OFF-REGW11-RRPTTP26",
"S019-TC1-NOCUT-DW10-SUB075-MIX015-TAGF2OFF-REGW1-RRPTTP26",
"S020-TC1-NOCUT-DW10-SUB075-MIX015-TAGF2OFF-REGW0-RRPTTP26",
"S021-TC1-NOCUT-DW10-SUB075-MIX015-TAGF2ON-REGW50-RRPTTP26",
"S022-TC1-NOCUT-DW10-SUB075-MIX015-TAGF2ON-REGW11-RRPTTP26",
"S023-TC1-NOCUT-DW10-SUB075-MIX015-TAGF2ON-REGW1-RRPTTP26", "S024-TC1-NOCUT-DW10-SUB075-MIX015-TAGF2ON-REGW0-RRPTTP26",
"S025-DM-G7OSHL-CEST-NOCUT-SUB075-MIX015-TAGF2OFF-NMAX10-REGW50-RRPTTP26",
"S026-DM-G7OSHL-CEST-NOCUT-SUB075-MIX015-TAGF2OFF-NMAX10-REGW11-RRPTTP26",
"S027-DM-G7OSHL-CEST-NOCUT-SUB075-MIX015-TAGF2OFF-NMAX10-REGW1-RRPTTP26",
"S028-DM-G7OSHL-CEST-NOCUT-SUB075-MIX015-TAGF2OFF-NMAX10-REGW0-RRPTTP26",
"S029-DM-G7OSHL-CEST-NOCUT-SUB075-MIX015-TAGF2ON-NMAX10-REGW50-RRPTTP26",
"S030-DM-G7OSHL-CEST-NOCUT-SUB075-MIX015-TAGF2ON-NMAX10-REGW11-RRPTTP26",
"S031-DM-G7OSHL-CEST-NOCUT-SUB075-MIX015-TAGF2ON-NMAX10-REGW1-RRPTTP26",
"S032-DM-G7OSHL-CEST-NOCUT-SUB075-MIX015-TAGF2ON-NMAX10-REGW0-RRPTTP26"
), enabled = c(TRUE, TRUE, TRUE, TRUE, TRUE, TRUE, TRUE, TRUE,
TRUE, TRUE, TRUE, TRUE, TRUE, TRUE, TRUE, TRUE, TRUE, TRUE, TRUE,
TRUE, TRUE, TRUE, TRUE, TRUE, TRUE, TRUE, TRUE, TRUE, TRUE, TRUE,
TRUE, TRUE), model_label = c("SUB075 NOCUT DW10 TAGF2OFF REGW50 RR8/10",
"SUB075 NOCUT DW10 TAGF2OFF REGW11 RR8/10", "SUB075 NOCUT DW10 TAGF2OFF REGW1 RR8/10",
"SUB075 NOCUT DW10 TAGF2OFF REGW0 RR8/10", "SUB075 NOCUT DW10 TAGF2ON REGW50 RR8/10",
"SUB075 NOCUT DW10 TAGF2ON REGW11 RR8/10", "SUB075 NOCUT DW10 TAGF2ON REGW1 RR8/10",
"SUB075 NOCUT DW10 TAGF2ON REGW0 RR8/10", "SUB075 NOCUT TAGF2OFF DM G7OSHL-CEST Nmax10 REGW50 RR8/10",
"SUB075 NOCUT TAGF2OFF DM G7OSHL-CEST Nmax10 REGW11 RR8/10",
"SUB075 NOCUT TAGF2OFF DM G7OSHL-CEST Nmax10 REGW1 RR8/10", "SUB075 NOCUT TAGF2OFF DM G7OSHL-CEST Nmax10 REGW0 RR8/10",
"SUB075 NOCUT TAGF2ON DM G7OSHL-CEST Nmax10 REGW50 RR8/10", "SUB075 NOCUT TAGF2ON DM G7OSHL-CEST Nmax10 REGW11 RR8/10",
"SUB075 NOCUT TAGF2ON DM G7OSHL-CEST Nmax10 REGW1 RR8/10", "SUB075 NOCUT TAGF2ON DM G7OSHL-CEST Nmax10 REGW0 RR8/10",
"SUB075 NOCUT DW10 TAGF2OFF REGW50 PTTP26", "SUB075 NOCUT DW10 TAGF2OFF REGW11 PTTP26",
"SUB075 NOCUT DW10 TAGF2OFF REGW1 PTTP26", "SUB075 NOCUT DW10 TAGF2OFF REGW0 PTTP26",
"SUB075 NOCUT DW10 TAGF2ON REGW50 PTTP26", "SUB075 NOCUT DW10 TAGF2ON REGW11 PTTP26",
"SUB075 NOCUT DW10 TAGF2ON REGW1 PTTP26", "SUB075 NOCUT DW10 TAGF2ON REGW0 PTTP26",
"SUB075 NOCUT TAGF2OFF DM G7OSHL-CEST Nmax10 REGW50 PTTP26",
"SUB075 NOCUT TAGF2OFF DM G7OSHL-CEST Nmax10 REGW11 PTTP26",
"SUB075 NOCUT TAGF2OFF DM G7OSHL-CEST Nmax10 REGW1 PTTP26", "SUB075 NOCUT TAGF2OFF DM G7OSHL-CEST Nmax10 REGW0 PTTP26",
"SUB075 NOCUT TAGF2ON DM G7OSHL-CEST Nmax10 REGW50 PTTP26", "SUB075 NOCUT TAGF2ON DM G7OSHL-CEST Nmax10 REGW11 PTTP26",
"SUB075 NOCUT TAGF2ON DM G7OSHL-CEST Nmax10 REGW1 PTTP26", "SUB075 NOCUT TAGF2ON DM G7OSHL-CEST Nmax10 REGW0 PTTP26"
), run_mode = c("doitall", "doitall", "doitall", "doitall", "doitall",
"doitall", "doitall", "doitall", "doitall", "doitall", "doitall",
"doitall", "doitall", "doitall", "doitall", "doitall", "doitall",
"doitall", "doitall", "doitall", "doitall", "doitall", "doitall",
"doitall", "doitall", "doitall", "doitall", "doitall", "doitall",
"doitall", "doitall", "doitall"), frq = c("bet.frq", "bet.frq",
"bet.frq", "bet.frq", "bet.frq", "bet.frq", "bet.frq", "bet.frq",
"bet.frq", "bet.frq", "bet.frq", "bet.frq", "bet.frq", "bet.frq",
"bet.frq", "bet.frq", "bet.frq", "bet.frq", "bet.frq", "bet.frq",
"bet.frq", "bet.frq", "bet.frq", "bet.frq", "bet.frq", "bet.frq",
"bet.frq", "bet.frq", "bet.frq", "bet.frq", "bet.frq", "bet.frq"
), region_count = c(5L, 5L, 5L, 5L, 5L, 5L, 5L, 5L, 5L, 5L, 5L,
5L, 5L, 5L, 5L, 5L, 5L, 5L, 5L, 5L, 5L, 5L, 5L, 5L, 5L, 5L, 5L,
5L, 5L, 5L, 5L, 5L), age_length_variant = c("SUB075", "SUB075",
"SUB075", "SUB075", "SUB075", "SUB075", "SUB075", "SUB075", "SUB075",
"SUB075", "SUB075", "SUB075", "SUB075", "SUB075", "SUB075", "SUB075",
"SUB075", "SUB075", "SUB075", "SUB075", "SUB075", "SUB075", "SUB075",
"SUB075", "SUB075", "SUB075", "SUB075", "SUB075", "SUB075", "SUB075",
"SUB075", "SUB075"), cutoff_code = c("NOCUT", "NOCUT", "NOCUT",
"NOCUT", "NOCUT", "NOCUT", "NOCUT", "NOCUT", "NOCUT", "NOCUT",
"NOCUT", "NOCUT", "NOCUT", "NOCUT", "NOCUT", "NOCUT", "NOCUT",
"NOCUT", "NOCUT", "NOCUT", "NOCUT", "NOCUT", "NOCUT", "NOCUT",
"NOCUT", "NOCUT", "NOCUT", "NOCUT", "NOCUT", "NOCUT", "NOCUT",
"NOCUT"), tag_flag2 = c(0L, 0L, 0L, 0L, 1L, 1L, 1L, 1L, 0L, 0L,
0L, 0L, 1L, 1L, 1L, 1L, 0L, 0L, 0L, 0L, 1L, 1L, 1L, 1L, 0L, 0L,
0L, 0L, 1L, 1L, 1L, 1L), lf_likelihood = c("normal", "normal",
"normal", "normal", "normal", "normal", "normal", "normal", "dm_no_re",
"dm_no_re", "dm_no_re", "dm_no_re", "dm_no_re", "dm_no_re", "dm_no_re",
"dm_no_re", "normal", "normal", "normal", "normal", "normal",
"normal", "normal", "normal", "dm_no_re", "dm_no_re", "dm_no_re",
"dm_no_re", "dm_no_re", "dm_no_re", "dm_no_re", "dm_no_re"),
    lf_downweight_factor = c(10L, 10L, 10L, 10L, 10L, 10L, 10L,
    10L, NA, NA, NA, NA, NA, NA, NA, NA, 10L, 10L, 10L, 10L,
    10L, 10L, 10L, 10L, NA, NA, NA, NA, NA, NA, NA, NA), lf_size_divisor = c(200L,
    200L, 200L, 200L, 200L, 200L, 200L, 200L, NA, NA, NA, NA,
    NA, NA, NA, NA, 200L, 200L, 200L, 200L, 200L, 200L, 200L,
    200L, NA, NA, NA, NA, NA, NA, NA, NA), dm_grouping = c(NA,
    NA, NA, NA, NA, NA, NA, NA, "G7OSHL", "G7OSHL", "G7OSHL",
    "G7OSHL", "G7OSHL", "G7OSHL", "G7OSHL", "G7OSHL", NA, NA,
    NA, NA, NA, NA, NA, NA, "G7OSHL", "G7OSHL", "G7OSHL", "G7OSHL",
    "G7OSHL", "G7OSHL", "G7OSHL", "G7OSHL"), dm_concentration = c(NA,
    NA, NA, NA, NA, NA, NA, NA, "estimated_phase2", "estimated_phase2",
    "estimated_phase2", "estimated_phase2", "estimated_phase2",
    "estimated_phase2", "estimated_phase2", "estimated_phase2",
    NA, NA, NA, NA, NA, NA, NA, NA, "estimated_phase2", "estimated_phase2",
    "estimated_phase2", "estimated_phase2", "estimated_phase2",
    "estimated_phase2", "estimated_phase2", "estimated_phase2"
    ), dm_nmax = c(NA, NA, NA, NA, NA, NA, NA, NA, 10L, 10L,
    10L, 10L, 10L, 10L, 10L, 10L, NA, NA, NA, NA, NA, NA, NA,
    NA, 10L, 10L, 10L, 10L, 10L, 10L, 10L, 10L), regional_scaling_weight = c(50L,
    11L, 1L, 0L, 50L, 11L, 1L, 0L, 50L, 11L, 1L, 0L, 50L, 11L,
    1L, 0L, 50L, 11L, 1L, 0L, 50L, 11L, 1L, 0L, 50L, 11L, 1L,
    0L, 50L, 11L, 1L, 0L),